# Created by Octave 3.6.4, Sun Sep 28 15:14:21 2014 Romance Daylight Time <unknown@Monster-DOM>
# name: v
# type: matrix
# rows: 10
# columns: 1
 -1.081839374924962
 2.465791130226569
 -1.355219440841972
 -0.9016653135017773
 -1.124467338591731
 -1.354255507809427
 0.7837079180250093
 -0.9522944606493485
 -0.7574481134908068
 0.02431181850316483


